2077
5719
151246
3939
5993
3106
9897
57580
6478
1889
2101
5768
207
9817
4478
84299
9826
595
219988
148304
7568
3454
2342
5423
155061
200895
89970
57510
5927
5371
8566
8987
55347
10613
11004
55361
1468
8635
79149
53838
9783
115201
55732
10241
3712
3008
55796
10897
27102
162989
85012
26580
126308
63875
8834
79156
51603
7283
57171
84934
51493
79759
51093
3028
79629
9636
6722
8570
1053
79607
72
79734
26519
10587
2788
27033
4277
79714
79894
140465
29960
51706
55303
26003
51659
79794
134145
22948
80820
7430
9527
53343
26275
6605
5635
10576
10575
1203
25974
79943
57179
140612
83759
51715
9363
51531
2842
4833
64077
4722
51021
55643
2186
54971
1059
84261
79581
26262
30833
11253
11070
5595
171568
57418
51530
5125
16
27079
92922
92335
90678
221476
3029
23051
5689
5700
10953
26227
84988
7936
26133
8914
2580
54961
8898
80778
57176
11060
54739
161291
1942
8502
57693
199870
55670
64949
585
51524
29998
9254
150465
84464
8408
1186
51657
3995
1241
84954
56996
54897
56848
3916
10062
9121
83985
64651
4726
80331
9520
85019
192669
55272
9913
113246
23178
55506
30000
441549
27031
11325
1528
112849
165055
387914
57150
9200
340542
10950
1350
3094
1603
10194
54942
54708
5783
6617
5019
7626
140691
124152
3476
57862
9663
116986
24140
7126
7073
27327
4775
23071
10739
7582
57669
79684
158358
23195
6642
11064
3096
375484
493
23224
155368
29968
79823
2002
10075
89910
8812
7023
55362
59274
10460
2664
203245
25973
10815
5155
9797
8111
10734
7128
2248
10557
53822
55540
8603
6640
5981
85458
6097
10252
970
22822
5479
1329
199857
11315
10588
9616
1207
55845
57544
26292
2289
9488
7844
4976
5066
56163
55437
85415
55706
8460
10564
79084
501
55869
51755
57609
51780
56995
8869
65059
55526
23258
54468
11311
5243
23231
7159
56980
8554
57148
29072
55216
11321
79728
1376
55277
5306
23317
10627
23670
6248
128338
54536
23167
84628
1036
541578
9779
4731
51538
123
57146
400506
4860
84293
81572
84292
79077
51231
10201
79158
2644
5435
746
145553
1649
283951
4713
28971
4708
7386
84268
153527
5348
23479
5805
10632
9141
51690
201305
404550
54958
64981
85395
8637
192286
83451
2237
6142
25941
8668
10870
10572
10005
124641
116541
51282
2879
10572
5713
11147
5201
22818
6402
7832
79008
10023
84967
1351
10169
10459
5721
8140
27044
56005
26010
9296
10653
91
150684
63933
8933
10534
6903
51728
51647
4502
30844
10581
163702
221002
9181
79626
29950
26469
112970
55856
64925
9380
4953
10982
6836
9618
6320
10430
3667
79258
2037
79691
4695
5209
6774
60685
291
7307
51621
9794
57466
59343
7091
58485
7083
10422
8402
123096
2859
9610
9578
90203
79411
705
89853
10645
5027
259307
9424
6238
3848
3059
7009
51606
963
9980
7805
221477
80700
5510
57175
353322
51271
8896
400916
10383
54512
6182
8677
30
65990
10421
23529
8651
7920
256281
2166
196743
10162
5447
11344
374907
63905
10906
198437
84941
283219
79865
9761
57136
10956
55194
5355
8879
2629
54913
5763
2885
440400
1508
139716
64943
3112
2184
56953
123920
80230
3601
18
79622
1861
10023
4707
24145
90007
23092
84279
1211
79005
9479
164237
904
26057
55275
84804
9830
9830
81502
130026
11214
8832
4848
54434
6645
2617
7011
9730
51135
23181
9906
51149
83752
728642
9918
7270
79183
2395
10907
3727
9208
4141
27229
54900
26505
126432
90135
125950
8940
51283
4335
79829
56997
3300
23464
23586
5520
283489
9825
5892
126074
10197
11226
10318
79873
11153
1503
7633
30848
2531
9611
4204
8731
60560
54984
10806
285367
7775
339122
122704
55353
64425
129787
6415
114836
3134
11159
11158
9524
8379
54663
55308
3337
3633
835
4363
4172
8508
10841
148811
6647
23189
64112
7919
7508
22859
146330
2323
2005
152189
79979
79648
1823
9583
79680
23177
56339
64236
85369
55340
4676
8519
9138
58496
728734
83874
285613
80162
79656
55005
5970
8733
8698
84876
9049
997
23598
65083
56928
9746
113878
8514
5575
6602
10868
80207
79096
10809
440574
5778
10073
79269
4056
3795
10061
23533
5987
1198
56006
1723
51434
56948
1801
35
64410
57169
142678
79037
84221
1725
127281
81857
55343
54487
51629
340061
63940
741
2185
10134
1613
131601
1981
54461
2039
57592
1609
3587
5133
29062
6493
90780
283899
6929
1154
7471
283948
58986
23641
64837
54923
27344
7293
20
10498
50488
27245
6601
23373
10723
25807
283234
163732
10865
55182
55199
26145
7108
147965
339541
81890
84330
916
8242
91300
65108
81876
29933
9149
581
2872
410
58506
60626
9567
5707
81873
9466
64598
407977
126119
51069
11047
3836
4784
54497
10111
54733
3937
23081
2197
79018
10363
3858
10465
51389
54805
131118
64769
57095
79148
79590
196792
55109
375341
6687
23522
4967
9258
7040
435
6872
57680
11128
55761
84172
51586
9570
124540
7767
79893
124454
81566
4140
201158
3996
4088
51735
79868
55731
54882
8925
118490
23332
8924
9931
9743
57010
26015
8527
200958
144132
1850
4293
58499
57654
256987
57724
4763
8874
3700
23567
285464
84062
7730
636
55909
29780
143630
80824
8506
55778
23157
348378
10181
2073
5588
79961
9852
6497
84277
5150
9830
128553
8702
148479
874
57185
140807
221061
25764
6297
64708
2041
10609
388799
10659
6161
51460
57577
25902
8518
23383
2672
259236
252969
4049
10681
51090
84417
10667
65983
55198
124540
55520
4013
11022
9976
143187
55716
11043
8029
84765
10061
23098
63027
89801
10873
9639
64091
3960
7442
79364
79716
137872
134637
79726
26152
254428
253769
51409
60677
55692
23787
94104
26548
284040
2796
25981
28968
118491
1427
1434
23035
85465
79048
4216
861
79820
29945
9735
1677
11072
3603
80201
8313
10913
2308
3305
6167
129804
133746
7327
7476
3702
407738
79858
23409
80321
49855
54414
25788
56985
84307
64398
10166
79848
84529
6908
406
57599
11137
27241
221504
55659
51058
2744
10803
56262
90025
1990
1939
81697
51246
375775
92359
23063
83853
414328
402415
7566
79363
79039
57536
163059
10983
5859
91875
23155
4292
7353
9140
115024
22990
26297
79154
26151
755
84942
7553
55572
27165
388566
2968
54584
55536
65082
9985
79175
27076
55565
7515
26063
79132
149840
83480
133957
57128
79066
112724
10691
27246
10298
23510
26231
9368
4846
55665
23229
54921
84446
55534
3773
50804
124056
166793
996
1368
5116
90529
220074
25809
10293
342357
28991
147011
79863
139285
256949
92170
10629
7318
94235
122509
1773
80741
23660
79187
147912
63897
11035
29894
55644
60312
51364
388569
10615
84680
79885
5891
3396
26073
26001
113419
1662
50485
1938
1327
4504
116138
201254
116028
55653
2010
84296
5300
5020
8632
79165
5443
64928
54903
91937
93426
10069
9816
335
163259
9698
23087
10827
55219
1388
8394
113763
22838
10507
22893
9031
2782
54815
55904
58497
79831
9674
11120
55841
2979
79837
285704
23516
899
63035
3632
89796
5894
50807
387521
9486
27232
9681
79947
4522
5338
9191
7711
64743
649
8372
246269
375035
64412
122622
4320
55278
23080
80237
3293
9415
9812
80021
116113
1267
388284
5715
148327
255374
126526
79957
5153
349565
58491
10495
118924
81033
121599
57154
55662
605
23239
8419
79631
63826
28514
57613
5797
9557
55105
56919
4952
6584
54778
57695
79762
11113
114785
55258
3714
203259
79147
92595
144699
126823
118812
25871
10038
64180
55037
129530
197335
126147
9487
6666
353116
57657
221481
55262
114327
8620
1513
4122
130540
3750
339488
9780
1729
7798
26031
3232
149483
56134
51077
377047
7348
10042
2590
11141
57194
84152
5639
79589
1826
9369
2921
10103
113251
4184
92270
5451
7976
580
23327
55225
22836
51062
84902
81562
26051
8894
8454
55164
58492
25814
23335
64768
5727
162967
9570
90326
9391
5613
84062
26156
93487
55709
328
11331
4775
22884
63917
4775
54847
22882
10847
51411
359948
8799
5920
360
79872
133522
4524
9703
6158
5693
51057
6472
26574
26284
124751
134353
2319
3420
1917
8542
10540
147968
150771
83988
7693
3487
10963
8705
54982
22924
4967
91544
578
64005
5834
9191
2057
55707
51024
9278
83444
57715
79713
9563
6944
5433
4489
84337
127687
7918
85364
80228
4007
51150
83931
84516
7409
84305
64779
57017
3133
9442
56931
10469
5051
55290
91107
6794
284439
28992
170487
632
64223
51043
9136
79007
140825
29941
10743
1725
89944
4439
84807
283232
57447
64777
6988
65999
553115
51291
79797
3678
53916
9807
27128
7156
91056
63891
7407
4171
23061
25828
25906
4779
11133
79763
414919
1635
95
55689
23060
83854
7064
7517
81490
6601
55802
25799
10594
551
9675
23248
163154
56928
1291
57732
4642
10554
6778
50509
6602
112939
51586
4058
55611
10942
1185
10272
54531
79586
120071
57143
51599
92745
7140
79701
5260
11230
8237
64857
1838
26517
51310
7423
8642
6720
81544
55295
197407
23181
5118
3640
51540
10755
54991
5600
1822
1018
84326
54910
201514
10940
23382
1743
57585
473
64761
55108
23524
221264
4627
57595
27037
9399
10811
7984
84440
1840
9400
79661
54475
10848
84445
51114
55715
129138
286077
266675
57664
57596
5190
158056
23181
123904
9311
84940
79902
80179
64174
94120
5198
10061
9605
10531
8243
116840
4123
79658
374383
6687
129685
2329
9912
4967
26005
5214
64789
7753
22984
23245
151516
348327
3141
4899
56912
118980
117145
9170
9762
64788
9028
91010
84033
22905
389125
64446
29765
23552
162515
26232
10014
5881
23584
56623
27043
64221
92979
64375
9129
80128
1056
7433
255104
26229
1408
4207
403
79711
23344
10612
90273
1760
11272
80863
84448
2622
9820
51233
79025
10500
4192
113451
255239
79917
91179
3675
393
8216
286075
1762
79791
80326
3757
9203
21
63893
51102
957
326625
8861
1717
652
55450
23536
64718
126133
80222
57506
26164
90139
81875
204851
91978
25851
414060
9196
5977
1397
285973
283991
10223
79652
2946
64975
23467
3268
257240
26094
2814
78988
51380
283385
80775
898
26499
3849
374739
7923
23541
25888
8341
10616
5799
4636
29937
22832
55888
5880
7691
103910
486
4828
375061
92856
318
4285
154467
51171
116842
400673
1415
7289
26058
57645
79174
641
6575
55298
84336
2826
1142
130075
2919
85366
150290
6645
2063
200205
6890
374868
8310
3954
286262
10607
686
23395
10419
29115
7205
55131
221749
2888
10969
26277
1396
115825
23064
22901
2932
2241
83440
7172
51754
26523
54093
79754
638
6195
4043
23463
84769
54
64847
79091
63943
8266
1033
164668
9055
6773
113540
3784
26958
199223
1947
84947
115
23216
150368
7706
80346
29799
23352
11214
2033
54541
4729
10420
90196
871
347734
11334
59286
63910
10518
114824
84886
64858
405
4897
2778
55754
22820
8841
51061
6721
6574
23185
4097
9887
126792
80262
9640
9755
1114
11178
3595
55655
3105
5514
93979
744
2078
2702
266812
5711
7311
6181
6208
10957
10911
10200
51009
125476
10471
55679
199746
55280
8774
2355
56100
91369
27143
79724
150160
144453
51060
10116
375790
6124
11161
2251
149465
6155
23630
55794
8636
6396
10245
257
161176
94107
51614
54957
93
10494
25864
94103
55626
23550
10899
84717
84901
29942
7771
51390
4795
79847
387893
145173
10614
7569
5571
57333
51764
11102
57573
2125
388341
3081
8745
80146
23094
80311
65991
92345
9880
83878
54825
219623
50808
137835
51559
6789
2634
27097
6304
4297
6653
283337
54542
55705
23499
51535
284565
84859
9814
26019
4361
23126
8500
22955
56260
157680
55728
2117
151556
10427
493
23461
23394
10207
10207
84210
80314
29
6942
146691
197358
84218
25832
51768
283742
54737
8675
9884
3738
153222
56987
10780
6932
6932
148137
6563
4329
10127
7586
4594
151230
79862
10380
126626
27297
917
51741
134359
27086
7587
8797
51763
11276
5698
64897
375287
79088
122970
9047
10279
80317
5905
23623
808
389289
90121
161779
57184
22954
914
959
1236
9806
9249
2053
203328
11009
134728
120224
57713
8500
9321
285513
147929
126231
27086
23528
4149
84460
54891
10725
256356
64282
55333
54820
9923
51209
8888
56983
388591
7528
725
130271
55786
79973
56967
7286
109
23466
55683
23126
23499
64432
64770
104
121506
5682
11044
166785
9760
51106
6431
79830
7637
9860
54981
94039
8675
9710
7556
26249
55250
84129
1493
5430
5016
9727
7181
4891
22847
9644
54893
90799
79844
158584
84450
55274
3646
23228
7539
54994
966
23048
7520
9459
55081
64682
10240
54908
51439
51805
5303
84265
112611
1353
91151
8161
4175
54830
124411
85021
65109
90871
6013
1573
221143
84671
80303
146434
284406
54934
92691
9069
163255
10424
29105
23404
84276
55222
6839
80895
22937
124540
79924
30812
3872
6015
5270
9290
3669
10807
203
8718
55624
285368
4601
120227
9786
63926
8292
56893
27300
23384
55703
11329
41
140597
115399
27294
55823
10536
80757
4582
1951
57473
284459
9253
83879
79672
55159
84908
10432
10330
10799
23171
27154
2734
355
283726
5361
2273
3783
6949
2912
57455
5863
50943
54922
139741
9020
124245
9266
93589
23608
54549
135138
7273
158405
7694
54880
28996
8837
1778
5917
2309
286451
1846
9575
3021
154007
159091
79608
7267
148156
84991
6627
55719
10781
57634
23077
51130
79807
29935
1906
50839
26137
11278
11278
4253
90957
348645
10207
55814
5495
80167
79807
57620
4820
84196
55339
4124
55758
10475
4649
201475
84669
30816
92017
1642
27185
92086
79618
80204
84458
8295
132625
55103
10732
128061
55218
84632
253582
93627
7105
1974
55296
166815
10046
27342
23261
22891
257218
80745
23301
134430
55777
60526
60561
80018
57639
84312
51474
27244
54463
5504
23190
51279
22852
25948
90317
66008
1434
4507
64864
79053
84056
23545
3157
79663
1642
3980
55915
9686
864
23181
51016
6294
284119
79929
23168
126306
10801
64080
55634
80742
51720
282679
140462
27345
5427
5168
267004
60385
78995
26090
122616
199953
23416
132160
8567
3104
5164
84364
51634
23093
10488
90736
9719
54535
23187
7290
2145
7089
1814
10392
90353
84951
266727
128178
55667
23534
116115
284390
55501
27161
8975
146540
7994
57677
23633
57038
22995
10299
79810
284273
51326
6311
79944
91012
5256
57541
338657
55051
7109
554251
23637
7707
169841
22982
10188
199704
246243
23086
152485
257397
4134
64599
868
10198
1615
25945
51361
80224
53405
54813
10927
54880
9392
23099
7625
84256
7349
23428
148223
6305
84548
84798
92840
54938
25988
9092
55033
79707
8851
2091
4242
202052
7737
114789
91523
79897
25999
79786
23119
60686
65078
55337
26056
6920
65982
64333
534
64773
280636
10947
919
400863
319101
84939
54758
7185
1791
126375
51205
90423
10520
56658
54960
50632
8602
115330
57555
54760
5152
10319
140883
56063
84256
26999
80781
352954
340554
113791
221914
340371
79632
51466
2254
55876
80115
89781
284723
6687
7692
90639
23082
51281
79913
4621
6337
57125
57471
3881
197322
5959
9790
119391
161247
349136
2317
155435
2550
50717
285533
91433
114791
8816
7620
57728
10478
55112
818
51131
51277
10717
147837
55086
10521
59271
90060
55061
29944
7352
65083
3710
4485
23020
112476
757
32
55809
201456
149428
55094
57602
2767
27115
56474
23274
91355
5426
84905
196883
25966
402573
118
6118
5725
7988
55810
57761
896
84900
54914
79600
57053
283212
400451
11011
54968
2189
726
2178
50628
22955
29928
121551
199990
2947
29851
51303
57696
64863
56899
1123
125488
9531
10171
147138
84986
55421
402055
146050
22853
1994
5128
55096
8526
130162
1783
9666
10765
24149
56895
79675
254887
9256
9733
4862
50649
4884
8800
4144
83694
55184
200765
1487
65123
8100
1952
1293
29919
5475
57798
55228
53833
80726
54413
146456
1290
2099
23240
5655
1525
79925
9649
206412
146857
84547
51091
29843
285498
151295
126069
4628
11136
4008
80108
283518
149699
51733
147686
84696
26013
26206
8736
3818
8608
9924
84215
284618
8555
8208
9929
4087
84930
55973
116843
55930
79573
64699
1571
8034
27094
4752
3038
153770
84688
84071
7046
2677
25961
147685
6553
93109
9507
284131
55616
144100
64332
3895
255394
7634
23174
54677
6894
7220
117177
80063
23078
10443
22950
1655
154796
50624
8435
10058
29954
8557
200634
9814
4951
7043
55110
114928
5565
55176
256979
389114
57494
131566
138639
2050
23131
55007
10468
114034
65244
10106
57153
7360
7536
11215
79980
80724
83746
147657
3652
374928
286
550
3385
10220
7710
57111
3931
7701
84334
64210
8515
23438
376267
1107
54870
221785
158248
7786
2272
10456
63935
284307
81932
2110
4026
23013
9960
80205
1730
23054
57551
1315
80208
55727
5814
9697
538
157506
10526
4734
10766
23286
4998
397
10168
64689
57020
22974
388115
2824
23336
348094
22849
23095
388403
272
727
90355
10721
7804
528
84899
54806
9498
246778
7404
2153
3708
6209
6422
8846
6637
962
3608
3796
55030
51441
164
55677
59349
9943
23431
85457
867
8683
8550
10247
29964
51372
593
58526
1212
10567
2512
7167
8815
81502
1535
5694
377
53981
55907
5716
2958
3148
55646
51316
10714
2098
5601
27258
64979
90390
60485
1347
6902
4694
27089
152100
4712
10204
23527
23405
440093
7555
5527
10965
29074
29093
8992
51249
669
140461
6416
1476
55974
26608
28972
9275
4696
8872
11345
5828
902
84317
54545
9232
9643
9167
654364
80349
55052
51234
55717
26750
5723
7884
6883
6391
10477
9172
11130
10102
388962
27335
1968
123169
120526
9728
84273
9128
55197
11097
55217
5910
6868
10144
6041
8451
64854
26986
5770
144108
168537
10199
4173
8738
4700
282991
55825
79086
201931
50854
55253
39
662
23521
8555
51611
81689
55859
9736
65125
5576
6654
57692
10902
23353
51321
29104
23461
8364
51185
55591
10219
2529
7171
54878
7454
3399
6693
8665
10412
64393
83658
2014
4691
6136
6188
119032
3398
29117
7458
6047
6117
56180
6713
91966
400073
9221
25929
80008
11216
9371
81608
3903
5026
10813
51231
1198
6389
4968
55152
54998
51608
51282
27349
23780
84313
55954
56894
8407
56052
203068
27301
4924
83442
14
1912
28232
4215
527
1453
5434
11316
374395
222658
208
84124
984
79813
976
27327
9230
231
5499
84342
89953
359845
81788
23640
4747
10598
57461
285855
8693
8934
55720
23429
9147
57459
7536
4841
10525
283897
9263
5439
79939
11151
3004
9679
654364
6143
708
23107
4092
2004
11269
3107
3660
4061
951
832
4046
7014
9516
2995
29920
64744
79073
79144
7157
2848
11313
7351
1984
137964
5589
65249
1874
9242
55735
6932
6932
126382
1120
84166
3384
27240
5869
1628
8175
85002
89978
79959
55254
1804
55175
4303
6206
6205
57575
4152
84960
9021
93380
6388
27248
3185
83877
25901
387338
3429
10964
84513
51101
57124
221491
8214
126299
60314
23589
23423
7389
2194
401258
9526
10007
10775
54936
57026
6483
7124
51042
26099
1892
3904
259197
55256
7873
4702
91942
64756
122961
54345
11021
205564
5579
55114
9873
3482
79670
3458
5008
51692
9425
92259
2235
23788
8805
79443
143
29904
123879
8458
23412
51126
79031
29093
27095
55093
115353
51300
56945
83892
55839
64785
5996
10733
143879
23741
11112
9134
1062
55852
192669
2926
153129
1728
9778
57679
8500
4602
126731
7704
4851
5591
79921
23705
121355
24138
221955
4599
85441
55902
55748
131408
506
8878
2161
374354
5452
1453
64419
162
54920
118472
8760
25949
84961
90416
5052
6907
58500
55527
79956
29035
79842
79177
10553
6302
402
1632
55080
51506
90637
7111
84816
7741
144577
7728
54455
55585
51008
3007
10623
26061
55257
84498
10397
817
115509
392
9040
57567
135154
4728
9592
1659
9381
2288
23246
84878
50855
975
115817
55734
11332
6494
128240
29903
55192
8737
25771
115704
55756
54785
2762
6309
1147
5090
1386
55193
10618
49854
9917
96459
58477
55339
84933
734
26984
23503
8453
6004
55071
81565
10628
55741
23585
5870
29956
1979
55069
4739
92241
811
84656
112483
115650
7030
8443
6790
139322
439921
9319
84267
5095
10036
8659
219931
5611
1119
54438
56937
8795
29
92667
3628
55654
220929
122953
81029
284325
23276
6876
1794
23199
54979
92960
81786
94097
375449
146223
2651
9325
6993
64108
83606
9718
65260
56061
149473
4149
22915
91647
124790
26234
5269
5414
93100
10239
1514
4815
8338
119710
53340
203197
4744
55346
57217
57332
5236
6385
10978
5165
54432
375346
7296
4835
55723
2015
131870
65018
51257
376497
3386
971
84418
11326
411
164091
92999
192670
7746
5450
79856
2766
55020
64073
9087
1742
10768
158747
8672
4792
8728
7391
285195
85464
79026
64764
23424
91694
51108
7184
301
81631
23208
9473
26030
9580
53
7094
7415
3902
84872
8882
976
55147
5641
4482
94274
1445
27141
5914
124565
64342
163786
10458
9551
8742
11251
128866
8459
51094
2787
81618
387882
9414
9446
6827
51292
10791
381
27351
51304
54732
191
10093
150274
153443
343413
283377
55281
128977
10404
55004
27173
92579
30851
90417
259230
2124
2936
5530
3576
6348
56994
10549
6016
55505
285381
7347
51660
56655
153733
8660
11234
11221
8553
10663
1314
9276
8546
22926
9419
79020
80185
92181
51186
10671
5531
8892
9070
1296
4311
4199
3071
4635
7145
3560
56548
8226
3301
83541
79803
3659
54741
11252
115004
7879
1870
84310
28988
23645
50813
3020
7965
5096
1521
7791
375
1650
4946
10449
241
254427
8367
133383
9053
118987
51256
8807
3936
50865
3156
51726
81609
83416
206358
83861
10745
55205
29994
2581
3955
9775
55352
112770
58528
51097
55255
79683
285362
79026
3665
282974
2584
57801
114879
4814
8320
54834
85450
7584
55771
3689
640
4130
645073
10217
147199
389119
1627
161502
26052
8339
55831
3049
8853
7450
4211
219670
56344
8349
259215
10158
8365
8968
8969
8530
51063
5551
2720
10417
282969
10049
79191
85027
7122
25915
7292
3012
171558
8328
3693
3119
9019
140809
79026
112464
6397
4692
1973
57699
84953
29916
124222
79047
2034
114876
26873
83871
7088
165530
22846
29780
2852
608
23495
9455
9638
9215
23601
122402
9767
2199
3992
11343
3577
8543
23151
201266
10232
55502
84706
3755
53637
80148
3123
3127
27010
51088
5509
356
154
3001
23287
91607
7533
8767
3295
830
83478
341405
10094
60675
84858
2857
353189
1687
441168
3821
3911
2352
55701
3099
9645
160365
9367
10857
8345
6374
10643
7504
348093
51206
8605
1847
221188
83483
57552
8507
5222
151056
747
9315
7138
128346
58472
157697
7057
2012
928
2213
136
11145
8714
85329
253827
83478
5730
9334
340348
140707
54935
9493
952
116092
4218
26985
29924
7168
6352
54808
2647
27163
1020
29085
8655
5184
64397
9061
9444
494514
1111
79075
4661
8030
28962
23590
10559
9777
51646
3720
5604
10090
5729
10100
7465
26240
112858
163050
26020
333929
9513
79036
6668
23762
3635
84687
81619
10262
6598
10379
56478
23639
729264
84910
7163
79717
23033
10463
91748
79139
6171
54969
134510
51019
3015
8495
79646
1374
10746
56261
57584
5610
23095
2120
7511
7404
10385
85453
6403
90550
78999
23193
26533
89122
3642
10501
279
10670
611
5524
51652
57172
29997
6125
6230
9135
7576
149076
64849
8784
22932
81889
152015
7416
55510
5037
6223
399
54476
4050
388228
348995
4241
23635
55351
56475
83448
7716
51188
55039
8621
245938
58529
115196
2042
23371
79184
1158
1807
338917
341567
10369
222950
859
23196
201163
79877
6541
285268
84639
26256
23254
3630
80267
7494
545
64225
64418
196528
9497
132789
51562
317671
113263
5933
11103
5471
29896
162655
5994
55617
55196
79609
162394
253782
642
93183
221322
85865
57509
57335
25850
158427
4287
285672
4437
55149
29766
143384
202243
5527
4361
219402
84196
4149
143098
57786
51449
6634
54764
84636
126282
22806
7074
84294
54941
1233
55787
2186
4217
56886
4719
55749
51463
1431
10142
256643
9194
5529
55508
253832
128710
84295
126068
9530
149986
9749
7357
9422
2821
25844
8574
823
83786
10452
8907
8214
51619
55861
84274
9491
84328
22928
81627
4012
23179
84447
78996
5305
23180
23583
48
29103
79571
3214
59
3927
57121
29923
375298
64786
9692
26354
10606
158219
64801
51678
9317
84932
65117
4675
664
117247
940
94081
92
133308
221294
4674
79009
51759
116228
85460
115209
168850
648
26009
56925
54602
55837
285636
144363
11320
64430
8204
57092
9690
25831
10015
5412
10393
29080
6596
27252
54989
8087
23367
196074
147339
8725
137682
80127
9804
10884
2882
5636
199777
80273
89890
83591
144608
79635
84437
28512
2803
139818
9665
201626
54842
11193
11244
90634
88455
221037
51362
9519
29922
54494
23283
286826
54850
5830
80254
6168
84693
51691
65008
10668
8801
84186
23556
23172
399979
26053
5781
160897
221302
7871
22
51000
10905
6672
30001
79753
10640
26135
22875
8439
23197
65062
113174
57511
1653
694
80155
10911
10911
7272
10236
9338
4515
56947
9453
29081
27249
4085
3336
130535
10949
4736
7259
3820
6154
54948
116832
199704
10428
7979
10152
23568
84240
123263
11266
51001
79752
23658
6119
91612
55088
5922
280
6760
10694
7738
9025
22938
1901
55573
81552
94104
117289
23049
22894
51752
134553
285172
29028
55824
6879
25898
51616
6558
84441
94134
54462
54876
22828
9360
92935
6146
10929
10516
3183
9448
9126
57035
65056
3187
6729
57579
23122
58508
9188
7431
283635
138474
8916
79745
163126
54148
6139
84142
116224
5955
5929
114908
84108
130507
26273
171586
6741
81573
63979
222236
7072
104
391712
5144
285203
92344
50852
1456
51575
26959
152815
84333
123803
90737
28977
51138
310
80145
27069
8887
11179
38
58478
9204
10006
55958
135112
10592
10971
5537
64327
10283
80219
7913
64983
55863
83608
7993
139341
60488
9821
10565
51719
51029
149371
22858
90411
5612
11196
23471
80777
55432
6667
26228
10561
51528
84298
4907
92703
404636
2631
9101
167153
5701
29071
25936
58493
10910
25820
571
10659
3845
7773
10020
10196
55234
6135
151636
5579
6631
6921
1340
125988
4709
7027
29934
84289
55186
353088
54532
6935
55599
944
8450
5150
4194
122809
163081
5286
373
5860
55668
80315
9014
54165
7678
6596
57461
11222
84992
51699
6233
253943
9967
11231
1161
83932
23219
8813
10016
51569
7110
9908
6814
64216
55300
5356
8669
79657
55299
8065
29966
8491
10210
55322
2838
5082
26273
58508
659
4774
153396
54464
64110
84987
4824
28986
493861
65005
5334
27284
55269
87
22934
6632
139596
142
30849
91298
253558
54890
9868
57403
23253
57002
143884
4863
11238
54665
2186
889
55680
8880
121536
223
23560
9404
55325
4927
80258
65979
83989
29889
60558
57107
8864
26128
55604
84928
7743
2673
123811
10988
5825
54521
490
81688
9813
11052
27316
9262
114801
8487
57380
10651
84918
25917
80204
7443
11215
143888
9521
129531
84365
4609
5500
56983
8809
10277
9202
23456
56929
152518
64859
55650
201965
23065
23710
26996
81537
9950
64089
51110
151525
54874
84541
51317
57590
255252
114625
64135
7227
2764
4090
4644
55106
9050
51560
9168
10399
27086
9441
29095
728689
64105
9475
64434
9753
8178
9766
9990
84460
4255
9402
5150
23157
83658
528
51535
5495
79925
23078
7360
816
54663
5527
23256
84196
79677
23387
55813
3416
51018
79866
1429
3475
23421
80143
331
10657
91283
201973
284443
348995
5732
23394
400720
84223
10165
840
2683
11082
9832
23032
2222
115362
7109
80204
4552
7181
57035
131076
3054
145508
57007
55605
7320
2804
123606
492311
54987
6832
84135
9831
29082
23243
23244
255231
7049
54811
23132
54765
9668
55252
55023
79699
3516
9669
170384
84866
9097
285093
7840
25963
9879
219749
54517
53944
84190
51534
6905
1371
5921
55227
8697
5431
493753
5007
29902
54707
11340
9823
25926
80823
169981
548645
286148
221830
148266
11062
11146
6018
51134
5277
79133
55632
23111
79719
114659
6198
87178
5160
84260
54962
6838
129831
55696
134957
399818
203547
51455
170959
60468
26960
343099
6103
8317
7776
26098
253260
10985
7037
55188
55031
90594
84527
143686
84976
152877
6491
9706
9885
10966
113510
9656
94101
22900
64145
80184
79918
90075
54680
5324
11232
57711
165631
9984
55922
56648
83852
10724
8473
7188
55556
25909
22863
2303
54888
55835
10388
6885
7750
158431
57614
55768
26057
51592
7748
3150
9774
134266
58155
221078
961
55619
10051
7596
5775
51669
81550
54585
56916
9857
58508
387082
91526
4775
7536
8871
8556
400986
55827
946
196
10056
136051
83734
1540
51478
55744
90592
5163
440275
2591
79157
3606
54943
55213
23041
26034
84159
54482
79695
22887
9110
56978
55769
342908
57685
54033
5813
6777
219790
25957
64062
26974
57019
64754
80345
10962
55718
57559
6775
55204
28984
55843
4753
64429
51520
657
10276
130502
22869
8228
80232
5311
5411
5876
6427
55082
5578
26065
29929
7514
51398
29100
23786
79074
26037
3309
9601
1611
57409
23097
9920
51191
222166
3006
8802
10376
1069
113802
518
51377
10257
114926
79023
51218
374969
84233
5747
29058
9512
23304
7019
1362
5861
26503
25976
127943
2274
5683
27067
65251
151258
136853
1089
387496
55760
836
51194
8533
3840
54625
7402
29079
5093
10788
5581
6515
3304
6503
84085
4864
6281
55711
2632
965
25853
51228
1232
8836
51371
1604
50999
5728
10483
5911
26511
5686
51643
51023
51319
54675
4711
27097
2633
54951
6009
22919
83941
65080
55012
22800
10762
5291
3516
55973
4942
51422
92400
135114
8540
84938
665
10935
5573
5925
6744
3988
5873
901
9603
55120
10800
5162
55339
80306
6341
151888
51373
51388
83640
9554
199731
51714
5621
81542
7905
255520
9120
157769
94240
23299
54927
5515
1182
6619
51122
55133
26035
23012
55074
51465
23673
25780
4189
5521
54855
79899
3812
84674
6035
84236
9342
116254
151195
2537
26472
51081
684
2149
25893
8337
391356
8766
1777
9588
51071
22906
131583
152002
7107
9477
9447
5229
7538
51
4893
54976
8644
11018
84790
1486
84376
6867
2526
64326
51237
23294
55920
3949
55858
55276
64778
9236
2650
58480
56907
7414
6319
5800
55320
132321
5954
54749
23682
2675
54103
19
50862
10635
118487
146923
11212
5682
7295
5445
9765
29110
80010
205428
55529
663
6745
9650
9528
9213
860
57498
9991
5579
6310
55827
5534
118429
3685
5962
9556
10952
25874
29078
753
85013
388753
84833
4724
81892
4259
23480
440068
11164
9482
51642
4830
6159
8727
1054
10228
10487
1622
11014
195827
79712
6612
7024
140739
317649
345757
79624
83787
10447
79868
25972
22936
9788
1102
56900
54499
3052
56674
2150
200845
51144
5868
445347
57563
23597
54978
51309
6227
113402
57103
821
55284
91663
4145
6275
51522
2107
1875
5684
57132
6611
1781
1647
9377
51192
10063
6184
54899
9517
9926
9709
5552
22903
51133
54918
196527
26578
2108
2745
51635
292
55002
29088
56943
11342
7266
7405
57162
4683
6897
3003
9525
63932
5885
10750
24148
6992
5238
84138
8824
22883
10658
3709
8148
23636
159013
6884
4205
3267
283349
51067
53918
339448
2961
83939
2959
1027
10140
9792
27309
79718
52
57665
5274
51601
117143
56888
10284
55003
54832
6655
55860
80006
3875
199692
5272
54901
7001
11120
2035
728492
4190
7572
57763
57456
54069
81556
9100
55568
56270
55144
689
51504
6156
10346
10480
6138
84661
4116
54583
83658
6218
2739
79072
136647
51121
3251
5706
79161
51015
6169
3703
23291
9685
6275
150275
26092
10097
26286
4200
26258
151188
55601
7764
64092
60496
23204
4534
51566
22911
8370
127018
5682
9789
51074
91408
5902
51639
25994
10959
125228
10659
51626
8678
7335
81554
6201
25950
26271
10161
154743
388272
5901
84068
51130
9570
79017
51527
7170
10527
221960
153830
3658
26994
152687
2967
71
4149
3716
10730
1633
84108
2079
3190
84343
1385
80204
117289
55028
64839
80830
329
5216
3184
3151
6161
284098
1487
2841
219844
7570
2730
55170
26586
55781
8446
6193
152926
6693
6191
6746
6194
7178
50
64087
54838
63916
65265
10273
5230
4247
3588
754
6210
6203
25939
23042
7531
5170
3140
2885
84331
4738
474384
93621
51447
55070
9125
54921
283459
79016
128
2833
1019
6942
28969
91419
56984
7702
79029
1434
27347
9310
9933
84230
1387
549
10845
55967
64976
4494
286527
4501
4725
6166
8362
3622
9443
8289
1022
79188
60436
6207
1652
8270
25875
5142
740
55171
3843
47
9972
372
1975
4800
23215
9819
4361
29066
26054
55614
1407
11034
56255
4717
6742
27247
6728
51065
117584
10472
115361
10311
2960
51542
9695
404672
55848
6636
28978
51633
55759
89857
5048
144348
23200
27125
6873
86
114883
7543
54505
4179
1024
9039
113
23300
6780
94241
55699
54861
26019
56650
1060
403313
80209
23279
170506
26046
5464
6418
23043
5934
8556
5140
56204
122553
6480
84224
9240
84181
7174
7915
596
5189
2113
8434
92304
115416
5393
9015
150590
5631
256380
57690
51535
54964
9205
50809
5937
79145
92106
53347
84984
81030
63939
91687
92283
256051
57215
79814
5557
91775
92797
80344
10521
7745
55454
55627
79800
57532
7181
8473
55793
81790
1235
10528
10081
83641
55279
10320
9219
27336
7581
8445
160760
10384
93349
9284
9975
51244
22868
92285
7182
54883
221178
90139
121274
10521
6526
54552
127933
5978
339175
84851
10098
339344
51588
843
26097
23450
471
10126
64167
55784
6204
90333
81844
10123
29102
9729
56203
56165
81539
130872
84173
162427
138255
162998
10524
4817
4294
4720
5717
84188
55937
4600
55750
51075
23592
7403
6500
3290
4147
93973
55746
80818
3313
23609
2135
91392
9851
2802
7342
51076
5887
894
56882
113612
9889
284058
54880
6599
84284
10569
26520
8539
1380
220382
84247
55008
255967
9988
253959
10600
23318
285440
23306
51585
124961
161823
1736
222256
196441
29980
345778
55035
7294
6240
151613
140901
83693
801
27436
10314
162972
583
51176
54205
51440
3192
23435
147694
55119
7571
57337
2971
3376
3550
23348
57539
64848
6489
493911
22841
8886
25942
54851
83548
5295
157638
64919
11278
200014
55251
55177
10664
23173
23002
5108
135
8260
55846
55153
4222
57446
939
6228
6691
9241
95681
3718
7464
64978
4118
11040
114823
23492
9882
51035
51070
26528
1153
326
11131
26064
219736
51340
83744
6877
80095
50650
222484
79682
92162
57824
5913
2176
7789
9631
155054
83700
80011
10325
157922
84105
57530
55812
55669
23028
51123
79892
23247
55727
129285
118672
144193
8452
84216
10693
441024
6400
1478
10787
85440
2060
9849
11116
63899
57470
57721
340156
2588
7051
5073
23198
57448
83737
93587
23461
11183
57412
23271
197131
151963
54477
51366
6874
23165
26039
80055
3841
56922
10479
79864
54793
10250
57122
8850
27085
6732
84128
57037
7574
4289
122773
57542
9252
25782
148867
54841
84869
23390
84946
283209
8604
7189
84318
115584
282973
115701
51195
283971
84811
8690
22864
257044
84912
10180
123283
29089
7957
152006
84449
2196
11228
390927
55090
7512
340719
3486
125919
126295
6364
6785
92610
9474
85437
1491
10541
55342
159371
22850
29116
64328
9662
687
6322
58487
23175
25996
132001
55795
122525
285331
146198
23259
10055
91574
9781
36
1266
51020
8277
5000
79744
7268
60682
85315
6432
84959
54823
148423
55125
66036
93594
9841
5562
440026
7486
84081
4528
4331
55173
64968
23760
115752
2058
54919
132660
634
5984
79022
5985
1399
25977
8027
51182
8239
1021
23483
254170
8565
1656
9585
64149
389677
54980
10172
4790
7419
148268
5898
116143
1629
56942
9937
3656
5987
10817
146691
824
55157
80195
54107
2132
539
400
24139
84634
57343
383
79783
25895
27065
2805
8187
220992
55808
9235
924
155066
79085
3559
54674
1718
400569
10570
607
57463
64132
83637
27327
165324
8269
22880
23370
9798
6046
5297
84881
8890
29801
10244
26995
1786
10938
6597
56654
9064
8527
3297
79954
23140
57472
7352
7675
151556
79871
154881
23085
80746
10767
22930
117155
115861
143279
54902
5295
8556
84873
84266
84319
55330
147184
29914
54821
54925
128077
54807
3212
80012
57336
9750
85478
10418
222223
79673
814
8409
29909
8821
79722
6296
79896
54529
80227
23234
10329
221443
440138
57560
92370
8573
2043
8798
84154
5191
2081
83943
10987
5194
9063
146059
2800
1025
57147
9962
57827
5564
23030
25793
91442
51312
23293
11152
23310
22992
9921
55968
64771
147179
7469
53407
54956
84823
63892
54020
4637
124936
161424
5550
64771
55038
144233
79833
25793
3842
5906
127253
84340
55773
64395
10137
23451
63931
91750
7752
57708
4238
1345
9439
122830
51574
8803
25934
221035
5663
55293
10972
515
5687
841
6197
841
54916
153241
10513
79665
55914
1121
3799
55334
79694
55745
129401
5494
55631
55206
51030
29969
10026
51247
54433
124801
10390
10558
81488
5608
4338
892
7534
285282
2585
124491
131450
2585
51496
55285
54503
7150
57003
26136
54664
51742
121441
26225
2029
102
3091
9655
6307
91452
148362
140609
142940
10499
4074
788
908
8932
112487
10782
23582
9861
5478
56990
84311
408050
4170
5494
51501
6726
51002
2181
2553
51030
55602
64645
3676
23515
201595
2551
79738
26269
84896
83593
51322
81606
4077
6342
5569
55676
55471
55245
51104
23272
54822
10558
54433
5906
84311
26225
54458
51104
23451
6307
908
79694
892
55183
80762
23607
4690
11051
26953
10951
10302
85363
3091
6917
151987
159
138199
9522
9559
51315
23473
3964
2776
51141
5569
129401
9439
57147
51322
55245
10137
10782
23451
9439
6197
131474
51247
84280
51010
10282
5867
2040
10602
29957
5685
285237
10254
10189
8915
6477
427
23596
85025
9522
51010
60559
10390
2040
90268
23596
5223
515
4170
81606
4236
26136
58505
2790
246184
8926
10484
57226
222068
56950
65977
25793
57001
119392
115106
55151
25843
2752
5663
10434
55972
220988
85363
5704
9815
51379
51163
11319
7257
34
25800
10558
10678
51136
3329
27101
7852
4666
54469
3329
7846
7314
83593
8428
23582
10296
7852
7534
23582
3842
5663
25843
56950
55471
54503
8428
55038
2585
23076
6237
5973
7076
10856
11237
90522
3611
3418
5476
7384
90522
126321
160
90231
5777
10908
9784
79651
226
64834
5034
51082
10237
54472
11270
55129
79709
27433
64098
116985
220002
4125
2137
4245
9343
23659
10367
56940
81
1727
170394
127544
391
2771
826
3965
25796
2907
2539
196463
2022
221184
23223
10509
9647
7942
144717
79641
1298
2548
54436
4542
4615
10695
64222
5092
23564
9997
55911
2067
4758
28511
51573
57514
89894
60343
828
84875
57647
2678
116983
9094
8312
51750
1936
613
955
5786
9238
6199
25930
6709
84926
56949
23558
135458
6502
4063
9159
29990
10307
27134
91782
7155
8945
4882
201164
6468
5498
80714
127002
1316
6502
22920
51561
93210
8045
222229
55663
10128
92105
54952
4931
2140
23369
10048
80221
51750
23474
55208
1936
5786
4520
51512
85285
8985
10066
8607
4733
3735
54386
55770
23765
1173
6734
170463
4926
23241
4772
8312
3265
3421
613
51230
63894
5989
11284
37
128989
89849
80017
113000
7016
9898
55210
10948
23130
9632
9855
7917
81858
23053
84065
9238
29990
8449
29890
55893
5298
51400
79958
146542
57228
90407
51293
130916
541565
1316
1316
201255
2011
84619
57134
5590
201292
11184
5546
9925
25962
81929
9440
84826
64219
196513
6835
9716
10195
22827
56941
4704
60313
10776
51287
5094
96764
1337
55851
9844
23303
8405
5092
116985
5777
5786
4063
828
201255
339324
84619
2678
54065
3265
29990
5092
2678
146542
7551
5546
8498
2067
5326
7132
4357
5141
375387
2067
79651
4063
81929
92342
839
120534
6733
23014
11123
8631
3033
23557
4772
84875
839
4931
6733
116461
84524
6733
27315
9094
201799
5782
79845
644
2495
56940
226
25962
9844
2011
5158
29990
9844
5315
602
9612
22933
8086
54862
57326
51107
5720
5036
10044
7317
92799
3654
283820
124446
254359
5780
6881
27350
3068
83706
215
54868
5045
9261
1465
57104
3561
5252
84836
166
83638
4849
6878
79735
84958
11194
23144
5609
51073
27183
5681
83719
9600
160622
7916
201294
79585
9726
57140
23770
64319
10280
55336
6749
2316
920
5585
29927
92714
1209
124402
23295
8943
396
5339
79095
8079
54985
147807
11198
23774
22985
57727
5253
22897
55291
23616
79171
113179
6449
4802
26000
124583
54440
5971
10312
29888
5119
2783
4296
101
91373
27013
10945
113178
63874
26007
9842
55009
51604
54509
3326
7090
84514
57591
55201
79890
8775
11054
79035
9810
23399
2975
84885
84232
22839
5518
79594
83986
25920
83696
27090
22904
57190
9150
51545
8263
23625
55101
348262
10921
83743
1455
55700
57799
29952
23038
5330
9993
6522
7284
7392
1785
79415
752
81037
22913
6723
54867
7376
5211
80851
55116
23102
8662
29882
2962
6576
10043
55684
2870
161882
5605
11156
10155
55658
10163
80199
8971
79137
81532
84174
284346
23357
29086
6610
63941
285971
51222
84243
93436
79934
10636
23225
4641
9854
64763
79102
2972
7249
79654
55697
83475
4791
84067
10454
10423
10113
327
79591
5002
114790
22845
83692
29926
286336
5310
53615
23648
23154
28964
2997
5886
369
57658
23400
1639
3683
6793
8535
29959
8189
23125
5709
115992
8569
83463
54676
3508
91445
93129
29109
4650
4669
23396
57617
84892
6464
6650
23523
9968
8729
55095
10919
9739
23152
79751
49856
80709
90324
22907
23162
283130
55311
51157
91289
283149
57649
55739
55187
5720
10454
4221
90378
55697
2972
85406
57533
54518
4898
51548
9922
6776
23062
25829
4350
29882
5315
7392
57649
6464
5252
5790
10454
10044
5253
23376
10928
1666
10617
10312
166
29952
51157
55658
200186
79798
9667
2534
921
274
3590
9986
10174
85456
8078
83590
5195
3425
11091
25777
11282
64841
65981
1606
9214
388969
5335
28951
58486
23360
9057
26018
321
158830
3978
339366
22821
3177
79640
55780
5496
26155
5826
79006
29803
26993
84971
7709
3163
64428
7841
4723
1797
79767
129563
30815
132158
79155
51181
65057
3959
8884
23005
55738
9742
374875
84219
89887
28952
23381
80758
10120
26093
91039
57130
64118
80149
10922
84936
161
9670
22879
254531
1857
89848
10523
79676
51564
4047
10916
22794
23163
54929
10869
9401
27343
261734
92305
25900
23309
3707
59307
130557
10235
374403
8912
57060
54776
51477
64852
29925
10004
64427
80198
4943
55695
283870
90990
11322
26140
9744
79777
93185
63922
114822
146206
7480
399512
171017
140459
3609
165
23113
10322
8398
51329
8241
80774
113177
55049
83707
2051
10131
27005
256329
25989
196403
84895
79414
7535
124401
8131
203054
5442
8425
55558
84461
5883
27352
89941
51006
10347
29057
150383
25792
140700
1856
55957
3661
9361
92822
53635
26121
57794
5986
84922
163033
6904
9725
738
50512
90933
57719
79034
51593
253980
5467
56904
3590
9267
994
145864
64760
64772
27434
8906
9112
322
10514
177
374887
11219
373156
23315
8509
780
10013
54932
80279
54540
7629
55191
177
255043
23587
254552
90507
6830
3299
11180
617
130617
259173
55657
26276
26119
55139
2026
10505
54606
26205
56652
622
51161
84795
401647
1263
63925
79153
29911
9696
25956
24146
57610
51385
23275
24142
93611
23613
26048
53834
6904
317781
80152
5424
26140
5986
4882
24146
90933
404734
145748
399665
58473
23355
9026
29925
54828
26140
24146
3590
4047
5826
11282
23613
59307
10922
80279
10916
7535
7535
8906
29803
79038
3609
10916
51329
6120
6641
55032
2963
10890
51128
55737
55163
1606
3609
10916
2534
5496
81558
23587
10212
79720
4174
56259
57062
23164
8793
51451
1459
51594
57106
84262
257160
81605
572
57804
79002
84304
8818
1891
25953
203260
130074
113829
115098
4201
5976
25980
94005
7726
2874
9903
83549
90809
6626
2806
9416
1757
10139
126695
4351
84315
3631
7866
128637
770
5050
55011
8192
5432
286257
56342
2937
27429
10101
5025
84727
10522
84309
80764
64320
9277
23351
6730
7264
57414
51393
115708
85377
9051
8427
2193
9961
80271
55898
54480
124997
80142
55666
126789
23549
55111
4597
4598
1201
23149
112398
6829
3064
51112
9869
84532
81855
9776
23277
10362
22870
3257
10844
51160
146712
23386
5261
83642
79603
23170
84720
1819
7542
79087
60678
65094
55544
91949
60528
9374
81888
55687
152992
3991
51295
51116
10482
55324
9862
55072
54973
9328
6901
7343
6293
57048
5293
1616
2738
7186
57410
661
163
8019
56181
10939
54884
26147
116841
29844
1605
51667
5018
11336
8273
51428
10445
10904
5708
6520
57704
11020
2314
112936
55238
53373
84271
10726
79903
113189
51684
118424
79637
24144
283537
51005
5598
10045
10212
5333
1196
8664
54872
80789
60625
2071
11119
63901
54853
55743
80176
8904
252839
55229
5607
8498
9785
7008
80153
3695
825
26160
8722
5837
89845
23511
55341
7158
9757
23214
582
64780
79065
10444
4343
55223
22888
340385
50626
84264
3073
50853
92715
10039
54963
117246
79969
8501
11190
124460
8314
54662
27106
790
9641
283989
25839
54973
81928
51433
11188
151313
26502
7551
55260
10270
90861
80342
6433
9382
114804
28973
128308
84264
84720
118424
51027
65095
56965
55423
130589
2869
124637
4832
11066
3257
26147
8694
64175
51550
10573
4913
9927
152992
26147
8818
56965
56965
51451
55898
6901
84271
27106
80764
572
25953
79969
1164
256586
124460
7381
11119
7324
7323
8548
28957
24144
51510
8303
10445
124460
6520
5432
3631
374659
84874
57504
5824
10585
127428
57505
163183
25894
285193
51367
266747
158234
10620
6499
140735
80308
23338
65985
10067
128272
121268
54881
80755
25776
51004
79796
27175
55929
84126
26123
64965
93323
92002
121642
65989
670
51154
197370
26024
81559
10300
23339
26233
4957
4957
28987
55702
4957
64745
171023
3615
140606
126259
1108
10998
64130
10436
51596
112752
54977
7260
51025
8859
65258
7874
116225
79169
84303
79991
112869
29098
81887
84320
11092
4801
6603
10980
5373
51368
9546
112812
79176
10519
2801
2068
51343
80765
149951
84306
7760
56954
65989
65258
51004
27429
55423
55892
10294
567
4706
51637
9445
80213
5538
3682
130355
64746
50484
79568
255919
23161
51397
79666
27230
54704
51014
9978
10289
6392
4780
23011
9604
136319
55207
84272
27257
9403
56851
2123
10933
8634
7485
64083
6670
155038
22916
441531
2123
84830
9397
28955
7337
23731
147007
29090
64431
152559
10914
120103
284611
11275
214
6222
6189
6234
6147
8826
57099
2182
831
1806
2665
9375
4121
3303
2589
27020
22856
22978
2180
8819
278
51596
831
170575
9349
6185
7385
1519
2271
4677
10285
3839
60481
5931
63915
79685
51155
4716
221154
10550
55500
1871
2773
84520
5734
10092
29097
25978
8560
84640
64343
1349
3344
8615
91137
23593
55681
57231
23517
262
10923
6434
8723
90693
26973
9867
3837
10213
26512
222194
8930
9364
8624
57231
51170
120
84263
8661
22823
51031
8624
6731
56254
55905
7334
54802
55294
9874
29978
3189
6595
201562
9541
59338
10153
8562
51026
7398
10455
90
2956
84923
10892
120
3945
9045
472
8891
23324
170960
23588
58517
51602
8440
11059
8881
9330
132949
6451
51167
55788
51170
84817
84890
27236
221895
831
80213
5111
262
26123
9364
8560
7398
25776
55294
201176
23753
51529
9158
60370
9896
23417
5699
537
51241
9410
27346
5147
493856
587
5827
11258
84269
85014
84300
140823
83443
84650
51098
10467
121053
112950
6923
29796
5827
6150
126328
60489
5690
6390
10263
124944
79004
83862
84270
6737
4616
84246
498
8106
8666
51386
79228
11243
2987
54108
389541
4705
5436
4358
2021
25804
1460
51079
9791
1967
79447
11007
10211
3421
56915
5710
55630
55651
54539
30834
64951
84681
10248
79081
10591
1155
80194
10493
128308
114049
10193
51239
55317
6834
118881
10960
51172
26504
121665
7134
10209
118460
8667
114984
5438
64969
51399
441150
4282
222234
90580
65993
91582
10975
84148
2475
1945
7187
10713
10538
79078
51491
3241
200185
1454
58513
4033
94015
116988
9577
10552
51084
151903
5695
10328
5441
64963
1140
51649
5692
6748
210
92675
11046
283254
10654
116540
138428
1537
873
4682
3692
54930
28960
1355
127703
9552
513
55168
374291
56834
25813
10121
55850
552900
552900
27074
513
1355
4940
813
5691
64374
7165
84316
475
374882
83464
3281
79567
6484
3434
129607
6347
3434
83666
26112
79650
5089
4209
128869
91746
84314
387119
337867
27291
4686
55762
28990
8772
25870
84844
149420
221079
5982
91543
5279
84060
64224
83940
55100
79602
9673
11073
64114
54555
6635
284004
7812
51517
124044
27238
5822
79697
6455
23513
81628
26012
80325
55690
91746
54840
6871
79142
59348
81853
257415
79003
7328
7112
55791
79811
79770
55610
51096
5395
138241
401152
138241
5481
7328
79982
131965
90843
79982
6871
10370
6093
5926
10772
9595
79982
219285
90843
5926
55610
2287
267002
9529
9538
10605
7059
7112
1945
30834
112950
3241
11124
91746
5463
79811
27346
25865
55721
50619
84433
27153
489
25970
7812
9538
3832
284361
219541
6844
4850
23212
79019
54995
7818
26207
56616
57117
84324
9212
55143
23016
114609
9833
55355
7153
9768
29128
991
81620
3161
9787
11065
51514
51203
259266
64151
55165
7298
890
9133
113130
56992
1058
79019
386678
347688
81926
221656
6799
1192
140467
126208
79575
79888
699
983
56160
51012
5634
351
4850
23562
8448
55167
348235
55363
55671
55425
130399
51631
84332
54629
23683
64207
9694
157378
1043
54940
57102
2224
9532
1428
342538
9177
222643
9737
51526
3662
54926
1072
81931
552891
5558
6817
51499
4718
137695
9741
5366
653604
387103
307
25840
200315
25932
11337
9435
645
55589
115548
80231
55313
9969
83856
3191
221823
10795
27332
10260
1719
11168
4239
151651
7013
55798
5042
10054
114769
30061
51143
55233
597
9324
11080
168374
9877
168417
84924
55015
26278
5756
6606
25913
116442
54465
27034
51645
7639
54801
171392
2966
9678
54953
54556
83540
1654
382
22890
129880
9689
83982
26521
8125
10129
7594
2533
81611
55871
122011
10010
837
1390
79884
11201
389898
117608
84220
23345
10438
81034
79780
4698
51809
51184
84275
9657
5567
54556
57489
9412
7700
79668
55319
90459
30836
51430
4065
688
51427
9255
1070
51747
55862
84919
9098
10286
3146
51567
5928
440270
9584
55900
353274
9934
55379
3987
170622
56242
152137
2171
7321
390980
23230
1122
51426
6782
3135
51729
255027
10961
29789
219333
342945
26122
5567
9678
11168
22861
84865
80856
6173
11143
7705
11129
7013
284254
1444
54965
81931
8233
55142
7766
401494
160728
64081
84839
162966
5523
123016
7813
5992
374860
23230
2533
51747
26207
10010
54777
57823
931
10512
54502
118788
5862
114769
837
55589
4850
6817
3987
56616
54556
8883
27131
170622
81931
9584
55671
6786
409
9657
1654
8883
819
57149
57489
9802
1163
84975
84759
4191
9470
2582
9095
64121
60673
11068
6618
51507
123355
2023
3155
84572
30968
8673
6217
6202
6160
115426
6170
1810
113201
10426
6165
113201
5890
4306
8545
6990
57515
64921
2188
84455
79731
4154
4068
143684
84064
6122
10365
6229
10989
5586
7444
5294
126017
114799
80264
84549
51201
4715
54800
27032
55623
26157
51258
1738
5111
92140
8520
9910
50640
57826
84250
134492
8559
9197
23548
1737
26191
51320
2729
22862
25998
5289
2483
2313
9107
10190
55326
133619
84864
53371
29880
54931
54149
51668
6176
6613
10096
10728
114882
55435
9337
4659
988
6950
85403
22908
51053
116151
6683
9320
51727
26224
55166
5264
7358
158293
3066
3181
5033
3428
9111
387921
27068
282809
7336
54534
84078
6938
11171
51663
10146
57223
9646
84864
7803
5033
6950
90701
8520
25842
64376
22929
6059
93081
64116
55297
900
60592
10464
51187
7770
55832
1665
23029
81493
80067
55010
65084
22931
200894
4664
55608
8481
26036
3575
7644
51109
51773
9451
57181
9748
81704
23469
57396
7673
57157
80007
83607
57508
9738
10208
29915
55215
79886
10274
55857
26091
8867
7525
80173
79876
127396
9535
6251
387357
51765
122060
10125
92912
57534
55172
23411
55236
56681
54407
8575
1105
22878
2530
3612
51260
55422
163087
10915
9878
8504
27334
55156
5469
80135
119504
123036
340547
54826
26751
55664
51028
340252
64065
64400
5283
5584
51174
78991
55818
9044
9354
64860
201627
55847
4925
135293
54537
8089
9452
57120
51175
10403
9581
339318
55656
92906
5290
23518
57659
10771
112942
79582
64172
83891
178
153364
54726
969
55726
6671
64318
10621
56902
29083
1678
6767
90806
80013
4548
2547
90480
3298
27032
90826
126272
79582
55636
79612
90321
55006
23595
339559
4750
376940
93953
2177
6940
79612
7559
163049
483
6251
26191
26091
79612
26036
26017
26610
51103
10342
79595
7265
529
51503
64960
521
55486
51199
10342
79587
57209
7203
64710
3097
55661
55154
202
284309
64215
55181
55102
57496
5829
833
399687
254394
23015
25821
114885
8477
5359
2820
4001
8301
7096
10638
223082
93663
27071
5966
7532
9871
51571
153339
56889
51100
7507
2969
54797
64946
22834
90233
5429
196483
987
54809
9187
145389
6945
55266
84079
91603
915
283237
3188
51118
144195
81856
23520
55629
55055
51095
8165
57018
93550
9941
148206
26060
80821
277
1213
2635
1595
1657
7247
1739
162239
205327
3921
7562
84285
79577
132
255403
1964
51068
60492
466
94056
55327
9801
57129
6880
10944
5965
23389
3556
92597
51250
6738
54431
11157
7388
8763
9352
829
9318
23325
5440
10490
4436
51605
151194
6157
51622
989
25879
360023
93134
28985
55916
57621
6421
2965
83452
26355
3308
10150
79596
56913
50848
84897
1452
50810
55596
1389
11218
22835
6675
79768
23116
9534
64417
202018
7699
5930
8707
55212
83695
113444
9759
3838
5877
80318
90488
26149
25940
29068
5980
1964
51701
9653
26127
1803
51119
7277
8726
23142
27107
57561
147923
8323
51696
9295
5903
57703
9702
23118
374986
5378
140890
286410
159090
133686
6129
27109
81579
6747
10179
9562
137492
116236
55884
8773
83930
483
7456
5908
51290
11104
55179
387263
112495
57050
51124
79621
677
5757
3422
79576
139231
81555
55752
29761
57691
5203
254065
51164
124808
94239
51095
84945
653505
9
8301
132720
90624
6638
8467
494143
150737
148254
56267
25896
139886
6646
51199
23321
56267
5965
1075
2230
54700
123207
23398
54495
5151
201725
5810
7627
10793
84101
11338
10574
388561
10712
55212
196394
51095
1965
221786
5930
9218
25862
250
92014
79693
7561
84061
84515
1452
3308
132
1075
1075
521
27109
132
56267
51622
8773
6638
10574
115939
8726
1876
3030
51307
5714
154791
51259
286053
5250
254863
4521
90956
51253
50814
93343
3145
8563
64421
57819
29107
84948
230
56257
54949
5875
10078
10608
54471
387032
54993
5296
80776
81577
23378
6448
22980
80212
127262
60493
4809
54946
84287
64793
5188
23649
28976
4836
7390
51204
5245
6895
54859
57407
27339
11285
2109
113655
51490
2232
79792
57109
65010
8517
283643
64601
10992
23
51547
147808
9894
55135
3065
1716
148932
60386
27440
219738
1716
54859
114904
169714
3035
54623
10758
2592
5603
7322
57820
91272
158
91689
84916
92399
22826
22796
7589
4595
55621
55226
51497
55559
2873
9973
80347
54522
4234
3338
30827
9146
6301
79159
23203
51693
56926
7297
63908
9016
146705
3551
23644
284086
22994
55764
8893
5213
5511
348793
4714
54993
55559
51497
2592
5702
51236
92399
84058
90204
55246
11041
1877
64755
5871
55063
93643
54496
79706
54865
56660
5833
197258
10227
89846
64782
51665
2542
10641
84167
1506
84626
6621
84080
221496
6257
90313
10946
8479
55833
88745
10401
22976
11108
29101
54859
339123
56731
4240
5032
131616
80024
11140
23526
9772
2648
55367
9905
115703
50861
9684
5437
55571
8764
57655
80169
221908
4176
6804
84964
5372
4839
5900
256364
81894
30008
54522
65980
10057
4157
8681
81576
7593
2027
64753
10290
275
283848
79703
10057
55268
256471
80305
6339
284129
23368
83636
55776
78994
10425
221120
84164
84893
55249
5428
6487
6100
7378
5316
220064
55775
79960
10138
4678
80233
55593
84283
84286
219743
9130
9091
51337
2794
147015
347862
7466
8703
79891
84861
90864
221545
10898
883
27148
7322
3145
4809
4809
9973
83636
347862
64601
56993
1457
25921
10489
23481
55140
55178
84335
115950
55588
3704
221927
11267
2592
5250
1457
55246
10138
81533
5250
7251
79960
4176
2109
79960
83636
55633
10682
84787
51272
80304
2621
9688
55315
9654
8692
6573
6050
79143
57192
64748
257364
10954
3419
25904
26589
28974
9179
11094
5187
6284
552900
100
1352
5525
56998
54915
55722
5532
54784
51199
11124
29965
7564
2990
4701
54344
9577
10535
65992
4359
83667
51082
10229
4799
10695
4799
1982
29099
79042
29886
10555
80019
7086
9341
22921
3705
57706
10109
6813
28956
51255
8743
10867
5816
201191
57419
257019
90853
94121
5627
11167
23205
654
239
22885
4638
6678
10826
800
2017
84519
51471
7125
8357
80301
116173
340205
10555
2624
9124
57706
10410
57706
7453
2781
8993
728358
728358
1991
820
1669
84767
23531
5473
6947
1359
932
23643
10226
3067
2206
8654
139105
56911
64407
7739
2162
5413
81027
760
2791
3674
4352
54498
83699
8436
84281
25907
2815
5197
51266
8970
10398
1511
4900
2982
3934
85414
1178
6037
671
4353
10398
9989
2976
6224
800
9994
10943
5204
7541
3688
80124
8050
865
10473
10808
5597
56986
25847
7529
10492
4697
51582
27430
9550
9782
5110
10269
387
805
51251
1997
8780
10672
10735
55783
6428
7411
4673
51650
51582
27430
9782
54331
10109
7095
51808
23443
175
1880
6504
57700
10133
1859
64844
167227
9958
51306
26130
9847
150864
4089
960
10009
3899
54543
10920
27131
339745
4673
10943
115294
2935
8493
23678
8202
85476
8732
6130
54619
9652
55013
23484
5501
51406
4799
3315
27250
6259
5705
55622
6426
51202
54780
23512
23506
22889
158586
960
8724
84191
64747
11261
6386
9553
130814
10159
8649
163859
3093
84259
28998
2746
10797
8417
4057
4680
1088
8334
54928
8031
80025
6643
8895
9553
932
51202
3688
27430
7529
51650
80335
64783
55174
10943
1039
90441
7417
4799
9093
200081
8638
1312
89958
80223
1844
3726
3725
4929
6821
4987
64795
2354
150094
4126
3383
5817
79630
25911
80790
25979
2114
120425
2131
1200
6343
1978
22898
11057
54863
4947
56905
65220
2052
375704
2030
2217
3663
9764
7084
9114
2275
972
6715
23478
1820
79746
128646
9308
9811
4035
5345
90427
8021
9853
150372
7380
219654
55062
79789
9145
1152
8986
5878
1312
50486
57484
1958
1959
5939
5743
4084
25819
6051
64422
140685
5226
1317
25798
2934
8804
3956
2793
83937
958
533
51278
29108
10287
463
8751
51382
57168
8870
7371
81603
29988
51744
27166
79843
302
25923
138151
6453
10221
5337
51776
116844
10610
599
8462
4607
55350
80256
126410
6934
6768
11033
57085
5199
10970
389792
29015
80727
55577
23096
5819
467
717
710
91860
7410
10783
5664
221692
84722
1026
2203
113675
55509
55640
91860
23034
54507
5023
83937
909
2201
388722
53826
57096
53831
124220
3340
7136
10313
11314
25946
84106
23166
6714
3728
9476
64127
146722
11138
51673
3176
1522
290
7127
1028
56659
79930
943
221
7462
3101
4055
126014
51296
29785
5724
29800
64218
433
124599
29992
8778
27180
712
713
8536
5329
91662
57406
140710
27439
141
2350
27036
9454
6948
4668
23677
10333
23191
4261
5058
220323
55625
6888
414
56975
1512
4354
9145
5003
84695
26524
8638
57178
5031
51776
51776
3176
57568
133
54507
165140
4318
7052
4855
9770
586
55
6556
51314
84658
139065
84879
5376
143458
838
1084
6441
84225
132320
26040
203228
6286
55647
10533
714
6648
29992
11165
6038
6556
9060
3553
4258
26301
5329
146225
117144
115948
1903
9260
54795
284415
55240
1475
137075
6539
7097
6256
3162
728
116448
2535
56606
978
91662
8650
10019
6277
972
23406
55122
203228
91860
302
80223
9260
27036
203228
92558
79710
79690
10243
5533
6419
3430
6430
22927
923
2625
57535
93058
5292
7597
55466
26263
55128
5583
440
161253
91319
54106
89822
192683
4938
26263
4051
23316
79368
5208
10451
118932
3437
55331
308
3092
973
10603
1890
284207
334
3142
81622
5325
6809
8115
29802
114548
7439
10184
56729
55332
64420
2359
10326
4257
126364
2322
7123
3111
1495
8685
2517
51738
7850
3437
6583
11024
6355
967
249
221472
6788
22837
255488
23603
55959
3240
56034
3084
55022
89790
51225
6624
9332
9314
925
170482
2710
84824
925
81793
22914
117157
114884
26047
1124
23312
64581
5166
3002
5836
170482
29760
2358
157983
9022
58488
54187
4210
8741
8829
2215
1690
55024
11126
3824
3802
388
1462
23158
4688
4005
3824
3823
51348
1066
59345
3717
51099
523
79974
9123
822
6282
199786
55356
79971
56666
1879
3915
115350
23761
3741
6510
64386
59341
7130
57616
79705
4783
55314
54947
3600
91624
29948
55357
1969
5176
27242
54210
57161
55840
6659
3480
7100
56961
558
55214
84282
53335
10461
84689
9754
408
973
3804
3805
3802
926
6925
84282
121260
3557
10462
137797
140
5175
7077
353514
125061
10644
53335
3620
85413
6303
284018
23022
2519
2330
91947
7779
56833
81671
1776
199713
24141
51655
80183
9846
57698
3579
51523
83938
3759
5321
160364
79971
81553
10435
5055
114548
166012
3779
338339
10402
160364
3176
1902
4208
11213
604
51267
930
2208
144165
3627
10462
26253
54997
5218
5368
9540
84925
140947
6689
58484
683
8291
3557
64757
79180
51280
9332
4257
3074
2047
22809
4938
219771
115727
1441
84179
9770
317
64581
4938
51056
10855
3958
3437
284996
23547
8321
6283
55959
3087
7077
10154
29993
3433
81831
55704
9555
54491
3417
6102
5899
9555
219771
10225
212
8991
56477
56477
4302
4034
1911
3932
55316
2996
439996
759
2038
6521
51327
3045
3047
3048
54442
6604
10295
7867
1509
55603
162979
57674
144402
1524
65124
23136
10205
1326
23433
2212
55016
1848
653361
55969
11010
3459
3122
3113
7305
1471
5265
8905
8935
10673
23313
84868
27235
2760
10577
8682
11182
3394
8531
6279
4082
54504
58475
11027
51284
695
5336
54453
22918
8942
1520
9935
80896
84898
79895
161742
4067
6688
1675
8676
1545
6280
912
9056
1536
55819
7071
199
50856
64231
27075
9936
942
10261
1992
59342
9839
79901
51313
948
79887
25797
51311
2212
8942
7099
53346
8564
30817
51363
64170
55803
6036
11031
1318
366
3109
3597
140885
64231
432
10903
240
863
2357
84034
27239
2219
1436
11025
53829
79772
216
10875
404093
2896
51313
5997
53829
10135
201895
3920
9637
84888
5660
834
8099
4048
23075
5341
29887
2799
5547
29940
1808
7763
3512
968
4332
25801
202309
948
8875
950
152007
7133
84329
7461
414918
535
949
389
3984
11000
5210
51092
57864
7325
2717
23580
26270
64411
9805
168544
5351
23401
6622
6622
5265
79627
51734
2205
1130
3613
283
2950
1845
1230
6916
7045
1052
2268
3055
10409
3684
1593
3310
9586
10924
170591
7940
2207
3957
953
51311
3490
7941
56935
942
3115
5271
55365
115207
5580
171546
3460
220042
6446
10859
7263
430
23569
4778
124935
283
58191
1824
55092
388325
10871
10981
8522
8876
64759
199675
313
27287
353376
4066
9586
84803
10170
911
3920
2242
2769
3108
1601
719
23328
199
6039
123041
6850
26509
1051
55799
116362
945
151306
6272
83716
1050
6916
1612
217
929
10437
6252
7940
131578
9450
526
57182
51177
2896
834
57674
3920
7071
8875
4069
4794
55048
64855
1827
637
847
10135
8875
2996
10238
2597
9046
7332
10238
977
2597
1523
7332
10466
9617
54621
3766
129868
11063
26154
4342
285671
4999
9895
63947
6801
6404
55270
3621
83875
51324
54836
8332
4610
79135
11318
2811
169522
79698
5354
51444
6752
1761
55811
6049
113457
7769
147949
56675
9659
2009
6620
84522
10560
148
403244
1007
113828
57158
84678
56957
3690
224
9589
284613
7733
57531
79230
8771
8997
9231
339983
51341
55515
6382
5991
4300
349334
51301
79192
827
9287
64100
23023
387129
146547
8749
1607
343641
149345
89882
7288
6698
23468
7401
400629
5146
51013
79412
6094
6354
131920
157773
25790
161394
3761
3229
83698
3777
286187
387748
375593
51816
2290
388951
3426
346007
28982
4756
554
4233
6899
7106
51156
1774
285596
1740
89797
27113
91894
3624
60676
8532
219447
268
7068
220108
8331
63977
145858
79501
745
7799
57198
2908
6843
311
84248
114932
311
6843
81545
51022
84641
378708
378708
51374
468
23305
4591
1432
22872
23008
9373
9046
55113
152065
129807
152579
5422
147687
400746
51059
201633
6383
84229
158880
286204
10178
114088
4324
8689
26468
219487
145264
53345
56172
3036
84063
25880
51816
1774
144423
977
7106
7106
5202
1836
57187
51762
60412
83742
6474
10973
50615
154807
287
387264
83543
64426
23057
11005
5919
10082
4807
402317
138881
395
219869
4099
93099
29841
3204
23650
149018
140730
55753
90019
5331
1073
2829
3203
6764
254122
3211
146
90070
10466
3621
1499
9589
84641
6049
114932
114932
10973
27292
55127
169355
84570
283248
7769
9373
23023
51022
84248
1499
2908
9589
468
84678
4591
51444
3687
84641
51117
54620
28965
11100
7922
4299
26515
3998
51374
1432
81545
51816
57198
23305
22872
25897
25897
1643
55054
224
25897
50615
2908
51479
2889
1031
138716
3732
79089
66035
90338
27018
54849
6132
4000
1174
54849
2686
23059
66035
1788
27040
11083
4798
7067
4054
338440
91304
6609
60672
7329
25855
150223
10072
85007
10994
11079
998
64072
257144
132299
7175
78987
9704
7169
1676
7067
6196
1933
8721
23759
55148
10025
9344
11186
11264
64423
10072
91304
79089
23759
64423
10994
85007
60672
415116
6609
7169
338440
8721
9344
9409
23112
54843
10147
10147
8558
4054
1676
78987
27040
1788
517
7329
134218
150248
3625
11264
90338
27018
29087
84705
25
4939
7326
51479
51479
54904
594
57678
9344
84705
2686
10147
56829
11083
10450
25
97
8899
9013
6192
8284
7050
267
598
517
10476
51227
6717
22803
5889
25852
28970
5889
548644
26268
5788
84255
3312
594
9836
51335
54470
6132
83460
79882
51651
1497
25855
11186
23420
1174
5106
267
8558
3732
10474
2733
387522
9409
6837
9704
10025
150223
10291
415116
257144
83460
84193
7756
1497
4939
4000
6837
11079
6196
25912
65264
23074
7756
7982
5106
10130
81614
51651
27072
64072
54849
7982
23074
10578
10578
10578
10474
598
9086
6856
55763
56890
9734
115123
643
29121
23059
23420
51105
5062
51147
2957
5062
2733
10476
51227
261726
56890
9043
998
54904
81614
998
54470
6856
51263
6629
55148
55180
9949
60491
79882
23708
55763
132299
3638
56890
29121
51263
548644
25912
29121
29121
103
7175
51105
9949
9013
55180
8899
97
122769
3638
27072
9734
6629
1933
84255
10291
643
9043
4939
7050
29087
1933
4939
1031
261726
1174
9043
5788
7326
25852
65264
10450
84193
387522
138716
51335
51105
122769
134218
56829
23059
103
54843
26268
8721
56829
3312
6717
54904
115123
51147
23112
2889
9409
56672
6811
53349
7784
3431
6235
7375
10785
51537
148022
54788
1384
57805
23509
79932
7727
10955
3455
53827
2286
25824
2286
3614
79001
5791
2000
488
84993
7355
1032
55766
8455
7428
23509
80829
23476
79647
114881
1660
2286
55615
5528
114881
79932
29985
10589
29901
5134
23476
79932
1534
3983
64781
84950
79664
7727
2887
1017
4670
488
55578
5281
10785
2887
11262
23236
51537
55578
148022
7784
79050
4793
63906
23265
7727
2130
2055
2055
53827
11262
79446
283461
8611
3431
842
8455
55328
389524
83596
1398
115352
23265
283461
288
64781
51703
3455
9184
2146
4793
10955
5606
5606
1032
56672
6001
55829
253725
79027
1017
3178
5134
9117
3570
29985
116447
116447
6470
842
84993
29985
682
23646
79050
53349
55615
4155
83596
4793
6811
389524
79027
6536
7355
23385
5594
23646
8480
8976
284370
4155
64895
10001
79898
54816
9209
5257
974
85236
121457
29946
8195
29946
257101
9246
5281
5791
114294
59352
114294
11098
3017
2999
9289
83888
4818
5594
5791
974
25824
57222
5257
6235
1384
6536
682
6633
546
284695
2146
3983
9117
7565
7549
6772
60487
9166
9465
83479
157567
80110
6633
55975
114294
3985
57142
9500
3570
5528
6651
10124
23236
115352
1915
7114
6235
1534
253725
79001
84950
9465
55975
3431
10955
60487
25836
79664
115352
25836
9184
6772
3985
9054
6840
57222
6651
23446
55328
23446
10124
55829
54816
121457
4905
85236
5594
1602
57142
3017
9209
7375
6772
9166
1854
4670
79647
3178
4905
5257
11262
51703
7428
6651
1660
23646
55328
1915
1915
476
57222
1398
54788
488
9246
9054
10124
8480
6001
83479
6840
6651
288
8611
57805
1602
9117
476
55766
80829
2130
1854
125893
80196
57594
9724
8195
6470
9500
79671
6002
29855
6548
51318
3075
58533
119559
10233
10077
80003
2339
8720
7248
7048
1831
9619
10327
285343
11101
84545
4580
10400
60
6818
6628
4689
10327
55066
55066
9793
5884
26088
10077
245812
10084
6919
119559
54460
6892
2948
1117
285989
6892
3382
84545
201161
1798
57661
6919
219927
79758
79643
3925
1954
9270
57325
55755
56850
79758
79671
56850
79758
9619
80003
6482
26088
10233
8576
2948
9131
54059
6002
257106
5217
11177
3636
10400
4580
79090
80324
112840
7048
10206
8396
1983
7374
23019
285989
285989
4076
83605
2639
80324
3566
7695
55755
2054
1983
80705
2639
5516
54059
56683
23019
8720
84545
56910
10548
6818
53917
4928
326624
29907
58190
6892
5884
6628
29907
4076
8648
55145
10548
2280
8897
3098
27341
53917
53917
7903
1843
2353
10439
10439
4689
10548
2280
58190
9948
197259
79109
60
8897
4735
54460
639
58533
63978
2054
83732
10059
140460
26118
51495
11101
3572
330
9648
84146
55582
3572
10206
51339
8835
6164
6019
23047
3930
6996
51318
8674
9270
5519
55145
11101
112840
3930
9131
83605
10175
57404
330
10625
23530
23047
83849
8396
8648
9619
5696
84525
905
6019
84146
26118
10059
9648
55582
57404
23530
84525
639
8674
7695
5519
388677
4735
8396
3382
64766
285343
7903
2643
56910
11177
378
378
388677
2280
6482
9793
6711
3098
7374
56683
1117
10175
8576
3925
5935
2339
1798
83605
2643
5516
5935
4076
10625
27341
79109
326624
6175
11118
1265
60
5696
9948
197259
6175
8209
257106
79643
1983
57325
6164
400566
400566
4928
219927
905
64766
1831
6711
8028
7248
1265
51495
9987
65110
6996
1954
10084
11118
65110
8674
9987
5217
8209
83849
140460
123688
8028
83732
3075
80003
3566
245812
80705
11078
9533
25873
1479
23408
255758
9326
115286
149628
516
6137
353
3182
2876
11078
6249
57118
25778
8625
2593
23408
5688
84245
6625
64061
85378
79058
3831
6183
1375
29781
3276
8717
65003
7580
57118
9139
26289
2618
55239
2593
55844
6137
54812
204
6891
64324
5983
25778
9533
353
6183
1292
8625
29781
85378
1375
6625
8220
30011
9938
1292
4782
3275
54681
286046
51264
286046
8220
5688
516
51264
55041
54617
25873
22848
9406
5394
11019
84245
171425
10741
5001
31
64324
53938
84456
8464
3831
9946
51654
8817
171425
3423
64794
4094
6095
114907
91057
31
51111
23408
54681
29979
54617
7408
522
51654
9139
5394
3276
474344
6891
5936
8717
10901
317749
64794
3594
57118
80833
112616
55239
3320
93974
55027
10491
5771
56951
26272
11160
10087
79058
91833
116496
7408
27348
3423
706
3182
8740
8740
1175
204
10099
481
9587
11160
8848
2876
11078
5742
3040
3043
8848
200316
5742
81567
706
1175
55288
11335
115286
8817
4782
9946
51111
10087
55844
6095
3275
30011
54014
64924
1479
1998
54014
54014
1195
3320
91833
56897
53339
11235
29883
5983
55239
1195
53339
29883
64924
93974
11019
116984
51125
9938
3594
7544
29883
5771
3423
26272
5001
54812
8653
10741
9326
11235
51111
8287
4094
91057
54879
149628
6249
55132
8464
9406
84456
55288
56647
56647
10099
481
27243
204
116496
81567
10491
29979
80833
51125
26289
55288
23600
154075
55830
5936
6133
6133
60684
115286
7580
56647
1802
474344
200316
522
23600
11335
2618
9587
55027
56897
55041
27243
6128
2944
2944
65003
60684
114907
64061
1998
91801
163882
116984
4782
6128
55027
30011
154075
1479
9946
6399
115286
200316
55132
54879
56647
53938
255758
112616
55830
1802
22848
54014
6399