objval 23913.8389316591 23872.1072192861 23867.3216177995 23866.4445016689 23866.2540773302 23866.2083130123 23866.1963304604 
time 93.779563 159.158875 221.096164 282.447177 343.006429 404.311985 464.524953 
active_set_size 41973 36964 33325 32750 32569 32494 32475 
subgrad 6386.77727482265 1578.72923890902 536.439980024951 209.515770718328 90.8713279894715 40.3189420059767 19.6457880634994 
l1norm 3296.4040508125 3463.56282631695 3522.24398048765 3538.33954867994 3544.23695177932 3546.47718595502 3547.42954815458 
time_lambda_active 2.745374 2.604204 2.607095 2.600697 2.629776 2.615157 2.596246 
time_theta_active 5.562491 4.296028 4.293808 4.280728 4.293533 4.370454 4.24825 
time_lambda_cd 44.277743 43.553535 42.36101 42.037877 41.275519 41.978747 41.085747 
time_lambda_cd_cd 37.005903 36.257875 35.199099 34.69742 34.001962 34.631573 33.751607 
time_lambda_cd_ls 7.223067 7.245525 7.113612 7.289502 7.221335 7.293513 7.283717 
time_theta_cd 18.464769 14.886654 12.639813 12.393997 12.324595 12.304228 12.24727 
time_theta_cd_cd 16.579485 12.990868 10.746865 10.511595 10.423097 10.395091 10.357022 
time_theta_cd_qr 1.832557 1.84561 1.841389 1.832227 1.851088 1.859949 1.840537 
